4543073
5263032
8429306
23642562
23642579
23700520
23810299
23810301
23810302
23810303
23810320
23810501
23887717
23891761
24083574
24090193
24098770
24107711
24220202
24271825
24799918
24954034
24954753
24955465
33262455
33262456
33262482
48785101
48785104
48785109
48785112
48785113
48785308
48785309
48785310
48785311
48785421
48842191
48842209
48842221
48842222
48842260
48842261
48842351
48842495
48842734
59428827
59678299
59678310
59678315
59678333
59678336
59678349
59678363
59678429
59678436
59678443
64889181
79654774
79654785
79654803
79654814
79654815
79657214
79657215
79657216
79660682
79660683
116749270
134319743
134319745
140576780
143925554
143925556
143928402
145846238
145846239
145857414
145857442
190820979
203441953
220407581
230177749
230177751
230973583
253745133
253745134
255370136
255370139
255563525
284481974
293934965
294839950
315089479
315089480
315828479
319352689
319352699
319358161
319358162
319358163
319358165
319358166
319358170
320480947
320480949
320480951
320480953
364218578
366702146
373847549
373849342
373849343
373849347
373849357
373852573
373854037
373854038
373854039
373854040
416556732
416556733
433781984
433781985
433781986
433781990
433783096
433783097
433785009
435549651
435549654
435549662
435549666
435549672
435549673
435551650
435551655
435551656
435551657
435551658
435551659
435551661
435551662
435551664
435551665
435551666
435551667
435551669
435551672
435551673
435551674
435551675
435552704
435552707
435552708
435552710
435552711
435552712
435552713
435552714
435552715
435552716
435552718
435552719
435552720
435552721
435552722
435552723
435552724
435552725
435552727
435552728
435552730
435703524
435703525
435703526
435704684
435704687
435704690
435704691
435704692
435706056
435706057
435724013
435724014
435724015
435724021
435724022
435724040
435724041
435724066
435724074
435724077
435724110
435724112
435724113
435724117
435724119
435724120
435724121
435724127
435724128
447433964
447433965
452188414
452188415
452188416
488107951
488107952
490592907
490592908
548526010
548526695
611574834
616249736
620279290
620293814
620366462
620366463
620366464
620366466
624405242
626125267
629563328
629563329
629563330
633949079
633949080
657718778
740619094
747168481
747168483
747171895
747171902
747184007
747184020
747184041
747184046
747184062
747184063
747184066
747184067
750296166
750296170
751499036
751499037
751499038
751499065
758223624
787322379
805911049
805911051
805924007
805924008
834906221
903751674
903751675
918535326
929942820
929942821
929942822
929942823
929942824
929942825
929942826
929942827
929942828
929942829
929942830
929942836
929942837
929942838
929942839
929942840
929942841
930421919
930446695
930446696
930446697
931237148
931237149
931237150
931237152
931237153
931237154
931237159
931237160
932951023
932951024
932951025
932951026
934416472
